Checksum: 4.098189e-01, Iterations: 25, Application time: 16.859601, Total time: 31.621839
Checksum: 4.098189e-01, Iterations: 31, Application time: 16.387367, Total time: 41.331619
Checksum: 4.098189e-01, Iterations: 44, Application time: 18.589559, Total time: 53.902886
