Checksum: 4.138117e-01, Iterations: 21, Application time: 0.076105, Total time: 0.175007
Checksum: 4.138121e-01, Iterations: 27, Application time: 0.125106, Total time: 0.213270
Checksum: 4.138121e-01, Iterations: 41, Application time: 0.138266, Total time: 0.345988
Checksum: 4.138121e-01, Iterations: 68, Application time: 0.176659, Total time: 0.594803
