Checksum: 4.098189e-01, Iterations: 25, Application time: 25.093912, Total time: 112.302646
Checksum: 4.098189e-01, Iterations: 31, Application time: 24.869628, Total time: 134.532411
Checksum: 4.098189e-01, Iterations: 44, Application time: 28.574558, Total time: 193.444405
Checksum: 4.098189e-01, Iterations: 76, Application time: 36.870944, Total time: 332.034299
