Checksum: 4.138117e-01, Iterations: 21, Application time: 0.170370, Total time: 0.167715
Checksum: 4.138121e-01, Iterations: 27, Application time: 0.193876, Total time: 0.219063
Checksum: 4.138121e-01, Iterations: 41, Application time: 0.235196, Total time: 0.333768
Checksum: 4.138121e-01, Iterations: 67, Application time: 0.318027, Total time: 0.560851
