Checksum: 4.138117e-01, Iterations: 21, Application time: 0.123396, Total computation time: 0.033663
Checksum: 4.138121e-01, Iterations: 27, Application time: 0.267288, Total computation time: 0.070068
Checksum: 4.138121e-01, Iterations: 41, Application time: 0.147225, Total computation time: 0.067573
Checksum: 4.138121e-01, Iterations: 67, Application time: 0.211049, Total computation time: 0.109365
