Checksum: 4.138117e-01, Iterations: 21, Application time: 0.081212, Total computation time: 0.050655
Checksum: 4.138121e-01, Iterations: 27, Application time: 0.121909, Total computation time: 0.054670
Checksum: 4.138121e-01, Iterations: 41, Application time: 0.128236, Total computation time: 0.083444
Checksum: 4.138121e-01, Iterations: 70, Application time: 0.146416, Total computation time: 0.114303
