Checksum: 4.090832e-01, Iterations: 23, Application time: 9.477264, Total time: 41.459700
Checksum: 4.090833e-01, Iterations: 30, Application time: 10.055993, Total time: 53.883567
Checksum: 4.090833e-01, Iterations: 43, Application time: 10.133577, Total time: 77.559222
Checksum: 4.090833e-01, Iterations: 74, Application time: 13.411566, Total time: 133.816585
