Checksum: 4.098189e-01, Iterations: 25, Application time: 22.512269, Total computation time: 7.189828
Checksum: 4.098189e-01, Iterations: 31, Application time: 24.939508, Total computation time: 9.830270
Checksum: 4.098189e-01, Iterations: 44, Application time: 36.914536, Total computation time: 17.205064
Checksum: 4.098189e-01, Iterations: 76, Application time: 49.753720, Total computation time: 29.339246
