Checksum: 4.096384e-01, Iterations: 25, Application time: 973.321367, Total computation time: 499.324009
Checksum: 4.096384e-01, Iterations: 32, Application time: 262.793207, Total computation time: 121.779868
Checksum: 4.096384e-01, Iterations: 45, Application time: 377.320237, Total computation time: 183.200214
