Checksum: 4.096384e-01, Iterations: 25, Application time: 931.512253, Total time: 799.150940
Checksum: 4.096384e-01, Iterations: 32, Application time: 322.292997, Total time: 594.804047
Checksum: 4.096384e-01, Iterations: 45, Application time: 335.334231, Total time: 580.752380
Checksum: 4.096384e-01, Iterations: 79, Application time: 359.772132, Total time: 764.197218
