Checksum: 4.138117e-01, Iterations: 21, Application time: 0.139217, Total time: 0.139374
Checksum: 4.138121e-01, Iterations: 27, Application time: 0.058746, Total time: 0.128143
Checksum: 4.138121e-01, Iterations: 41, Application time: 0.072039, Total time: 0.194508
Checksum: 4.138121e-01, Iterations: 70, Application time: 0.196370, Total time: 0.466957
