Checksum: 4.090832e-01, Iterations: 23, Application time: 5.710733, Total computation time: 1.817796
Checksum: 4.090833e-01, Iterations: 30, Application time: 5.988979, Total computation time: 2.205281
Checksum: 4.090833e-01, Iterations: 43, Application time: 6.922960, Total computation time: 3.122751
Checksum: 4.090833e-01, Iterations: 74, Application time: 9.308899, Total computation time: 5.365191
