Checksum: 4.096384e-01, Iterations: 32, Application time: 1482.178207, Total time: 2962.292406
Checksum: 4.096384e-01, Iterations: 45, Application time: 403.687350, Total time: 1360.306865
Checksum: 4.096384e-01, Iterations: 79, Application time: 425.918376, Total time: 1674.349210
