Checksum: 4.090832e-01, Iterations: 23, Application time: 4.365412, Total computation time: 3.052413
Checksum: 4.090833e-01, Iterations: 30, Application time: 6.262496, Total computation time: 4.169469
Checksum: 4.090833e-01, Iterations: 43, Application time: 5.354490, Total computation time: 3.304052
Checksum: 4.090833e-01, Iterations: 74, Application time: 7.138491, Total computation time: 5.906054
