Checksum: 4.090832e-01, Iterations: 23, Application time: 3.309163, Total time: 7.039382
Checksum: 4.090833e-01, Iterations: 30, Application time: 3.540992, Total time: 9.191528
Checksum: 4.090833e-01, Iterations: 43, Application time: 4.537314, Total time: 13.159537
Checksum: 4.090833e-01, Iterations: 74, Application time: 6.947775, Total time: 22.698128
