Checksum: 4.090832e-01, Iterations: 23, Application time: 5.328729, Total time: 23.299848
Checksum: 4.090833e-01, Iterations: 30, Application time: 6.001304, Total time: 30.711957
Checksum: 4.090833e-01, Iterations: 43, Application time: 6.515930, Total time: 43.804207
Checksum: 4.090833e-01, Iterations: 74, Application time: 8.969755, Total time: 74.755284
