Checksum: 4.096384e-01, Iterations: 25, Application time: 566.391124, Total computation time: 397.826318
Checksum: 4.096384e-01, Iterations: 32, Application time: 402.961463, Total computation time: 224.296260
Checksum: 4.096384e-01, Iterations: 45, Application time: 817.166914, Total computation time: 463.555167
Checksum: 4.096384e-01, Iterations: 79, Application time: 416.978102, Total computation time: 221.262424
