Checksum: 4.090832e-01, Iterations: 23, Application time: 5.341842, Total computation time: 2.867575
Checksum: 4.090833e-01, Iterations: 30, Application time: 7.059145, Total computation time: 3.684865
Checksum: 4.090833e-01, Iterations: 43, Application time: 4.823840, Total computation time: 3.109675
Checksum: 4.090833e-01, Iterations: 74, Application time: 7.383177, Total computation time: 5.334204
