Checksum: 4.098189e-01, Iterations: 25, Application time: 12.861837, Total computation time: 7.711544
Checksum: 4.098189e-01, Iterations: 31, Application time: 25.564143, Total computation time: 17.701133
Checksum: 4.098189e-01, Iterations: 44, Application time: 31.171987, Total computation time: 24.891469
Checksum: 4.098189e-01, Iterations: 76, Application time: 30.870565, Total computation time: 23.463003
