Checksum: 4.098189e-01, Iterations: 25, Application time: 367.942759, Total time: 350.878039
Checksum: 4.098189e-01, Iterations: 31, Application time: 570.641604, Total time: 645.477927
Checksum: 4.098189e-01, Iterations: 44, Application time: 155.601635, Total time: 208.269163
Checksum: 4.098189e-01, Iterations: 76, Application time: 476.500439, Total time: 716.489279
