Checksum: 4.138117e-01, Iterations: 21, Application time: 0.093761, Total computation time: 0.035512
Checksum: 4.138121e-01, Iterations: 27, Application time: 0.128597, Total computation time: 0.045570
Checksum: 4.138121e-01, Iterations: 41, Application time: 0.115229, Total computation time: 0.075485
Checksum: 4.138121e-01, Iterations: 68, Application time: 0.248847, Total computation time: 0.127945
