Checksum: 4.090832e-01, Iterations: 23, Application time: 15.738587, Total time: 20.015746
Checksum: 4.090833e-01, Iterations: 30, Application time: 37.212318, Total time: 76.657567
