Checksum: 4.090832e-01, Iterations: 23, Application time: 3.586615, Total time: 12.822905
Checksum: 4.090833e-01, Iterations: 30, Application time: 4.233860, Total time: 16.716230
Checksum: 4.090833e-01, Iterations: 43, Application time: 5.184105, Total time: 24.037505
Checksum: 4.090833e-01, Iterations: 74, Application time: 7.276445, Total time: 41.276841
