Checksum: 4.090832e-01, Iterations: 23, Application time: 9.447164, Total computation time: 1.782335
Checksum: 4.090833e-01, Iterations: 30, Application time: 9.844666, Total computation time: 2.339448
Checksum: 4.090833e-01, Iterations: 43, Application time: 10.997105, Total computation time: 3.329149
Checksum: 4.090833e-01, Iterations: 74, Application time: 13.499595, Total computation time: 5.691445
