Checksum: 4.138117e-01, Iterations: 21, Application time: 0.066772, Total time: 0.165063
Checksum: 4.138121e-01, Iterations: 27, Application time: 0.112009, Total time: 0.204758
Checksum: 4.138121e-01, Iterations: 41, Application time: 0.086328, Total time: 0.356820
Checksum: 4.138121e-01, Iterations: 70, Application time: 0.119308, Total time: 0.605925
