Checksum: 4.096384e-01, Iterations: 25, Application time: 378.352454, Total time: 2236.993607
Checksum: 4.096384e-01, Iterations: 32, Application time: 458.865113, Total time: 2594.904121
Checksum: 4.096384e-01, Iterations: 45, Application time: 487.725422, Total time: 3364.202291
Checksum: 4.096384e-01, Iterations: 79, Application time: 489.573920, Total time: 3814.985169
