Checksum: 4.098189e-01, Iterations: 25, Application time: 192.991046, Total time: 170.859911
Checksum: 4.098189e-01, Iterations: 31, Application time: 99.885998, Total time: 125.825607
Checksum: 4.098189e-01, Iterations: 44, Application time: 71.597759, Total time: 174.418483
Checksum: 4.098189e-01, Iterations: 76, Application time: 107.415125, Total time: 288.785533
