Checksum: 4.098189e-01, Iterations: 25, Application time: 20.607707, Total computation time: 11.678094
Checksum: 4.098189e-01, Iterations: 31, Application time: 16.942511, Total computation time: 8.809880
Checksum: 4.098189e-01, Iterations: 44, Application time: 20.654791, Total computation time: 12.501547
Checksum: 4.098189e-01, Iterations: 76, Application time: 29.433981, Total computation time: 21.630067
