Checksum: 4.096384e-01, Iterations: 25, Application time: 330.711441, Total time: 284.956698
Checksum: 4.096384e-01, Iterations: 32, Application time: 299.760804, Total time: 293.736130
Checksum: 4.096384e-01, Iterations: 45, Application time: 328.992753, Total time: 318.715575
Checksum: 4.096384e-01, Iterations: 79, Application time: 318.289908, Total time: 424.661520
