Checksum: 4.096384e-01, Iterations: 25, Application time: 476.560721, Total computation time: 235.715818
Checksum: 4.096384e-01, Iterations: 45, Application time: 621.119581, Total computation time: 241.377332
Checksum: 4.096384e-01, Iterations: 79, Application time: 470.288290, Total computation time: 319.937453
