Checksum: 4.138117e-01, Iterations: 21, Application time: 0.050356, Total computation time: 0.025975
Checksum: 4.138121e-01, Iterations: 27, Application time: 0.061015, Total computation time: 0.032256
Checksum: 4.138121e-01, Iterations: 41, Application time: 0.074468, Total computation time: 0.048963
Checksum: 4.138121e-01, Iterations: 70, Application time: 0.115130, Total computation time: 0.083757
