Checksum: 3999766929.105022, Application time: 9.539808, Total time: 122.310498
Checksum: 32001021628.318241, Application time: 63.309497, Total time: 898.094291
Checksum: 256011720634.858948, Application time: 460.720092, Total time: 7292.738202
