Checksum: 3999766929.105022, Application time: 7.452174, Total computation time: 7.185032
Checksum: 32001021628.318241, Application time: 71.380465, Total computation time: 70.248320
Checksum: 256011720634.858948, Application time: 577.104512, Total computation time: 570.688338
