Checksum: 3967895422.858955, Application time: 9.123645, Total computation time: 8.579021
Checksum: 32001021628.318241, Application time: 68.894599, Total computation time: 66.070939
