Checksum: 3967895422.858955, Application time: 14.715015, Total time: 300.551495
Checksum: 32001021628.318241, Application time: 69.264053, Total time: 2018.169621
