Checksum: 3999766929.105022, Application time: 7.443692, Total computation time: 7.298789
Checksum: 32001021628.318241, Application time: 57.653956, Total computation time: 57.110764
Checksum: 256011720634.858948, Application time: 588.232209, Total computation time: 585.675975
