Checksum: 3999766929.105022, Application time: 7.262051, Total time: 56.750855
Checksum: 32001021628.318241, Application time: 57.647107, Total time: 455.608000
Checksum: 256011720634.858948, Application time: 459.322062, Total time: 3645.738144
